"""
hardcoded_data.py
=================
Momentos empíricos y matrices VCV hardcodeados.

Fuentes:
    - Momentos empíricos : Tabla 1 del paper (comphs = high school diploma, no college)
    - VCV_secondstage    : VCV_secondstage.mat
    - VCV_income         : VCV_firststage_income.mat
    - VCV_creditlim      : VCV_firststage_creditlim.mat
    - VCV_demographics   : VCV_firststage_demographics.mat
"""

import numpy as np

# =============================================================================
# Momentos empíricos — Tabla 1 del paper (comphs)
# Orden: fborr x4, mborr x4, wealth_debt x4, wealth_nodebt x4
# =============================================================================

DATA_MOMENTS = np.array([
    # % Visa (fracción con deuda líquida)
    0.640,   # 21-30
    0.629,   # 31-40
    0.588,   # 41-50
    0.503,   # 51-60

    # mean Visa (deuda media / ingreso)
    0.111,   # 21-30
    0.096,   # 31-40
    0.110,   # 41-50
    0.104,   # 51-60

    # wealth | debt (riqueza total / ingreso, condicional en tener deuda)
    1.222,   # 21-30
    1.868,   # 31-40
    3.377,   # 41-50
    4.650,   # 51-60

    # wealth | no debt (riqueza total / ingreso, condicional en NO tener deuda)
    1.659,   # 21-30
    2.800,   # 31-40
    4.613,   # 41-50
    8.071,   # 51-60
])

# Errores estándar — de la misma tabla (para referencia, no se usan en MSM)
DATA_MOMENTS_SE = np.array([
    0.021, 0.026, 0.029, 0.037,   # fborr
    0.012, 0.014, 0.017, 0.020,   # mborr
    0.117, 0.167, 0.227, 0.340,   # wealth_debt
    0.129, 0.154, 0.252, 0.393,   # wealth_nodebt
])


# =============================================================================
# VCV segundo stage — VCV_secondstage.mat
# Matriz 16x16
# =============================================================================

VCV_SECONDSTAGE = np.array([
    [ 1.34805986e-03,  9.84669338e-04,  1.04073296e-03,  1.17182440e-03,  3.18210197e-04,  2.05234250e-04,  2.56629394e-04,  3.04248294e-04, -1.01957172e-03, -1.02856349e-04,  1.10738074e-03,  2.20370018e-03, -1.98263060e-03, -6.14145166e-04, -7.68433154e-04,  2.68954724e-03],
    [ 9.84669338e-04,  1.30583060e-03,  1.32779988e-03,  1.39890250e-03,  2.06948005e-04,  2.50343872e-04,  2.63704745e-04,  3.29627697e-04, -1.27818325e-03, -1.14136529e-03, -1.24082736e-03,  2.28782714e-04, -1.94622055e-05, -1.49231004e-03, -2.75773637e-03, -7.19756327e-04],
    [ 1.04073296e-03,  1.32779988e-03,  1.98819944e-03,  2.11921017e-03,  1.98348456e-04,  2.40654216e-04,  3.95278165e-04,  4.59651929e-04, -1.34552913e-03, -1.79199032e-03, -2.71555559e-03, -7.14831207e-04,  2.16016149e-04, -2.63287755e-03, -3.33994688e-03, -2.45671611e-03],
    [ 1.17182440e-03,  1.39890250e-03,  2.11921017e-03,  2.68221966e-03,  2.41152442e-04,  2.45017222e-04,  4.13580626e-04,  5.29179960e-04, -1.35089642e-03, -1.08047105e-03, -2.04051326e-03,  5.19661473e-06, -4.36564611e-04, -2.17473477e-03, -2.13026117e-03, -9.54300230e-04],
    [ 3.18210197e-04,  2.06948005e-04,  1.98348456e-04,  2.41152442e-04,  2.17446322e-04,  1.17073939e-04,  1.31195934e-04,  1.33558824e-04, -3.08895705e-04, -2.21202980e-04, -1.13852896e-04,  5.64511257e-04, -8.05933358e-04, -3.13768853e-04, -3.86911694e-04,  3.38707925e-04],
    [ 2.05234250e-04,  2.50343872e-04,  2.40654216e-04,  2.45017222e-04,  1.17073939e-04,  2.03773614e-04,  1.93796178e-04,  2.12208148e-04, -2.32183776e-04, -6.94583686e-04, -1.02160401e-03, -9.95515072e-04,  1.78103035e-04, -8.67996597e-04, -1.48533889e-03, -1.22820237e-03],
    [ 2.56629394e-04,  2.63704745e-04,  3.95278165e-04,  4.13580626e-04,  1.31195934e-04,  1.93796178e-04,  2.65068727e-04,  2.85015544e-04, -3.34179754e-04, -5.28955617e-04, -9.20984496e-04, -7.51260892e-04,  4.97857458e-04, -9.97487205e-04, -1.18933433e-03, -1.19240441e-03],
    [ 3.04248294e-04,  3.29627697e-04,  4.59651929e-04,  5.29179960e-04,  1.33558824e-04,  2.12208148e-04,  2.85015544e-04,  3.61174637e-04, -4.48791875e-04, -5.79153212e-04, -7.50963843e-04, -4.40016518e-04,  4.77010189e-04, -1.14948280e-03, -1.15891274e-03, -7.31502497e-04],
    [-1.01957172e-03, -1.27818325e-03, -1.34552913e-03, -1.35089642e-03, -3.08895705e-04, -2.32183776e-04, -3.34179754e-04, -4.48791875e-04,  5.86309043e-02,  2.65068525e-02,  2.08268381e-02,  2.07360607e-02,  4.19411086e-02,  2.76601755e-02,  1.46381679e-02,  3.11055097e-02],
    [-1.02856349e-04, -1.14136529e-03, -1.79199032e-03, -1.08047105e-03, -2.21202980e-04, -6.94583686e-04, -5.28955617e-04, -5.79153212e-04,  2.65068525e-02,  9.44716392e-02,  1.21027442e-01,  1.50210950e-01,  3.60082000e-02,  7.47221573e-02,  1.21317358e-01,  1.52827055e-01],
    [ 1.10738074e-03, -1.24082736e-03, -2.71555559e-03, -2.04051326e-03, -1.13852896e-04, -1.02160401e-03, -9.20984496e-04, -7.50963843e-04,  2.08268381e-02,  1.21027442e-01,  2.51501984e-01,  3.00564359e-01,  4.52757216e-02,  1.28263132e-01,  2.24172612e-01,  3.12699327e-01],
    [ 2.20370018e-03,  2.28782714e-04, -7.14831207e-04,  5.19661473e-06,  5.64511257e-04, -9.95515072e-04, -7.51260892e-04, -4.40016518e-04,  2.07360607e-02,  1.50210950e-01,  3.00564359e-01,  5.61279294e-01,  6.77457663e-02,  1.51551200e-01,  3.01023296e-01,  4.70210589e-01],
    [-1.98263060e-03, -1.94622055e-05,  2.16016149e-04, -4.36564611e-04, -8.05933358e-04,  1.78103035e-04,  4.97857458e-04,  4.77010189e-04,  4.19411086e-02,  3.60082000e-02,  4.52757216e-02,  6.77457663e-02,  1.44510798e-01,  3.64717757e-02,  4.45899200e-02,  8.03272323e-02],
    [-6.14145166e-04, -1.49231004e-03, -2.63287755e-03, -2.17473477e-03, -3.13768853e-04, -8.67996597e-04, -9.97487205e-04, -1.14948280e-03,  2.76601755e-02,  7.47221573e-02,  1.28263132e-01,  1.51551200e-01,  3.64717757e-02,  1.09672513e-01,  1.30901855e-01,  1.66539843e-01],
    [-7.68433154e-04, -2.75773637e-03, -3.33994688e-03, -2.13026117e-03, -3.86911694e-04, -1.48533889e-03, -1.18933433e-03, -1.15891274e-03,  1.46381679e-02,  1.21317358e-01,  2.24172612e-01,  3.01023296e-01,  4.45899200e-02,  1.30901855e-01,  2.92441470e-01,  3.12261534e-01],
    [ 2.68954724e-03, -7.19756327e-04, -2.45671611e-03, -9.54300230e-04,  3.38707925e-04, -1.22820237e-03, -1.19240441e-03, -7.31502497e-04,  3.11055097e-02,  1.52827055e-01,  3.12699327e-01,  4.70210589e-01,  8.03272323e-02,  1.66539843e-01,  3.12261534e-01,  6.98007448e-01],
])


# =============================================================================
# VCV ingreso (primer stage) — VCV_firststage_income.mat
# Matriz 10x10
# Orden columnas: nkids, nhead, ndepadul, age, agesq, agecu, cons, rho, var_eps, var_nu
# =============================================================================

VCV_INCOME = np.array([
    [ 1.77852866e-04, -1.30200124e-04,  2.08998763e-05, -1.06125983e-04,  1.99554573e-04, -1.11797287e-04,  1.76470028e-03,  1.99545947e-05, -1.09436706e-06, -7.22838930e-06],
    [-1.30200124e-04,  1.08366715e-03,  9.55891967e-05,  2.78899112e-05,  6.61772460e-06, -3.04219223e-05, -2.69818430e-03, -2.48743589e-04,  1.60918002e-05,  5.40450085e-07],
    [ 2.08998763e-05,  9.55891967e-05,  3.85520182e-04,  1.29261329e-04, -3.02037479e-04,  1.91385084e-04, -1.70245352e-03, -5.93844399e-05, -3.54742639e-07,  2.03478211e-06],
    [-1.06125983e-04,  2.78899112e-05,  1.29261329e-04,  1.12040163e-03, -2.32053395e-03,  1.46928701e-03, -1.64756932e-02, -3.90306895e-04,  7.51986589e-06, -1.36012000e-05],
    [ 1.99554573e-04,  6.61772460e-06, -3.02037479e-04, -2.32053395e-03,  4.96460426e-03, -3.20128315e-03,  3.25274314e-02,  8.02780802e-04, -9.24590073e-06,  3.33279223e-05],
    [-1.11797287e-04, -3.04219223e-05,  1.91385084e-04,  1.46928701e-03, -3.20128315e-03,  2.11270284e-03, -2.03021952e-02, -4.26822682e-04,  1.80422716e-06, -2.13227672e-05],
    [ 1.76470028e-03, -2.69818430e-03, -1.70245352e-03, -1.64756932e-02,  3.25274314e-02, -2.03021952e-02,  2.64413293e-01,  5.43581447e-03, -1.78870323e-04,  1.40747627e-04],
    [ 1.99545947e-05, -2.48743589e-04, -5.93844399e-05, -3.90306895e-04,  8.02780802e-04, -4.26822682e-04,  5.43581447e-03,  2.47251156e-02, -1.19503093e-03,  1.21332758e-03],
    [-1.09436706e-06,  1.60918002e-05, -3.54742639e-07,  7.51986589e-06, -9.24590073e-06,  1.80422716e-06, -1.78870323e-04, -1.19503093e-03,  1.10872128e-04, -8.71178235e-05],
    [-7.22838930e-06,  5.40450085e-07,  2.03478211e-06, -1.36012000e-05,  3.33279223e-05, -2.13227672e-05,  1.40747627e-04,  1.21332758e-03, -8.71178235e-05,  9.98096856e-05],
])


# =============================================================================
# VCV límite de crédito (primer stage) — VCV_firststage_creditlim.mat
# Matriz 3x3
# Orden columnas: c0credit (_cons), c1credit (age), c2credit (agesq)
# =============================================================================

VCV_CREDITLIM = np.array([
    [ 1.09630950e-02, -5.06602568e-04,  5.49250839e-06],
    [-5.06602568e-04,  2.44265855e-05, -2.68107644e-07],
    [ 5.49250839e-06, -2.68107644e-07,  3.13102394e-09],
])


# =============================================================================
# VCV demografía (primer stage) — VCV_firststage_demographics.mat
# Matriz 6x6
# Orden columnas: a0kids, a1kids, a2kids, a0depadul, a1depadul, a2depadul
# =============================================================================

VCV_DEMOGRAPHICS = np.array([
    [ 1.75789804e-15, -4.62462547e-12, -5.55915390e-14,  1.10160150e-18, -2.09823941e-13, -2.02527612e-15],
    [-4.62462547e-12,  1.23024062e-08,  1.49428746e-10, -2.96244338e-15,  5.76822581e-10,  5.65646486e-12],
    [-5.55915390e-14,  1.49428746e-10,  1.83382603e-12, -3.61127681e-17,  7.23612893e-12,  7.23855636e-14],
    [ 1.10160150e-18, -2.96244338e-15, -3.61127681e-17,  1.30866773e-18, -2.47460827e-13, -2.32399521e-15],
    [-2.09823941e-13,  5.76822581e-10,  7.23612893e-12, -2.47460827e-13,  4.73045358e-08,  4.48629660e-10],
    [-2.02527612e-15,  5.65646486e-12,  7.23855636e-14, -2.32399521e-15,  4.48629660e-10,  4.29512138e-12],
])
